9983
9984
8035
9433
6367
6954
4543
2413
4519
4063
6971
6762
6098
9735
6857
4568
4523
8028
4503
6758
7733
4452
6645
7203
4704
7832
6988
9613
4507
4911
2801
4021
7267
4901
7951
4578
6902
7269
4502
9766
6506
6305
2502
3382
5108
8015
1721
8830
6976
1925
4324
7751
9064
8697
4151
8267
8001
6724
2282
8766
8058
6301
5332
7270
1928
2802
2914
2503
8252
8801
6479
6326
8031
2002
6841
2269
7272
6770
8802
6952
5713
9301
5333
9022
9009
6503
2871
6702
4506
9007
8053
9008
5802
5901
8253
1963
4751
7912
3405
4272
7735
9432
1802
2531
8630
6103
6752
5301
8628
4755
6113
5019
3407
8725
7911
6473
7731
6471
1803
5101
6178
4042
7752
8355
3105
1801
6501
7205
9005
9020
9001
1812
5714
6504
8804
5201
9062
8002
4061
3099
5214
6701
8331
6361
8604
9021
2432
7202
4043
6302
4183
3402
1332
8601
3861
9531
3289
8306
7201
8233
5020
9532
9602
2501
3086
4005
7186
6674
8354
5232
4902
3401
7762
5631
9437
4188
5803
8316
8309
1808
4689
1605
7011
5233
9202
5706
4631
5801
1333
5711
8795
4004
6472
5703
9104
4208
8304
5707
5541
9101
7013
8750
3101
7012
3436
8411
3863
7261
9502
8303
9107
5401
9503
6703
7004
5411
7003
5202
9412
5406
8308
3103
9501
7211
2768
